<?xml version="1.0"?>
<opencv_storage>
<Image_Corners_Coordinates>
  <_><Photo_num>0</Photo_num>
    <coordinates>
      <_>
        1.5852157592773437e+002 1.3041932678222656e+002</_>
      <_>
        1.8697485351562500e+002 1.3251322937011719e+002</_>
      <_>
        2.1570474243164062e+002 1.3475123596191406e+002</_>
      <_>
        2.4285891723632812e+002 1.3646923828125000e+002</_>
      <_>
        2.6713595581054687e+002 1.3818769836425781e+002</_>
      <_>
        2.8748138427734375e+002 1.3930653381347656e+002</_>
      <_>
        1.5635713195800781e+002 1.5979861450195312e+002</_>
      <_>
        1.8405873107910156e+002 1.6283528137207031e+002</_>
      <_>
        2.1200393676757813e+002 1.6541976928710937e+002</_>
      <_>
        2.3862701416015625e+002 1.6673883056640625e+002</_>
      <_>
        2.6249691772460937e+002 1.6744895935058594e+002</_>
      <_>
        2.8271081542968750e+002 1.6744682312011719e+002</_>
      <_>
        1.5443663024902344e+002 1.8616885375976562e+002</_>
      <_>
        1.8057479858398437e+002 1.8991955566406250e+002</_>
      <_>
        2.0723974609375000e+002 1.9260424804687500e+002</_>
      <_>
        2.3260221862792969e+002 1.9370222473144531e+002</_>
      <_>
        2.5575331115722656e+002 1.9354467773437500e+002</_>
      <_>
        2.7571163940429688e+002 1.9262374877929687e+002</_>
      <_>
        1.5282920837402344e+002 2.0822459411621094e+002</_>
      <_>
        1.7732617187500000e+002 2.1220756530761719e+002</_>
      <_>
        2.0185862731933594e+002 2.1469047546386719e+002</_>
      <_>
        2.2567062377929687e+002 2.1608114624023437e+002</_>
      <_>
        2.4769520568847656e+002 2.1562875366210937e+002</_>
      <_>
        2.6710781860351562e+002 2.1416070556640625e+002</_></coordinates></_>
  <_><Photo_num>1</Photo_num>
    <coordinates>
      <_>
        1.9061103820800781e+002 1.3134277343750000e+002</_>
      <_>
        2.1771545410156250e+002 1.3272792053222656e+002</_>
      <_>
        2.4307778930664062e+002 1.3428672790527344e+002</_>
      <_>
        2.6538052368164062e+002 1.3519371032714844e+002</_>
      <_>
        2.8473608398437500e+002 1.3584144592285156e+002</_>
      <_>
        3.0080538940429687e+002 1.3649130249023437e+002</_>
      <_>
        1.8799673461914062e+002 1.6044232177734375e+002</_>
      <_>
        2.1467082214355469e+002 1.6190040588378906e+002</_>
      <_>
        2.3969467163085937e+002 1.6271836853027344e+002</_>
      <_>
        2.6216290283203125e+002 1.6305752563476562e+002</_>
      <_>
        2.8143142700195312e+002 1.6263536071777344e+002</_>
      <_>
        2.9756149291992187e+002 1.6187918090820312e+002</_>
      <_>
        1.8488656616210937e+002 1.8664436340332031e+002</_>
      <_>
        2.1052873229980469e+002 1.8855921936035156e+002</_>
      <_>
        2.3466178894042969e+002 1.8926359558105469e+002</_>
      <_>
        2.5671026611328125e+002 1.8862104797363281e+002</_>
      <_>
        2.7566082763671875e+002 1.8738459777832031e+002</_>
      <_>
        2.9168774414062500e+002 1.8542803955078125e+002</_>
      <_>
        1.8151431274414062e+002 2.0931469726562500e+002</_>
      <_>
        2.0553092956542969e+002 2.1094908142089844e+002</_>
      <_>
        2.2856373596191406e+002 2.1148617553710937e+002</_>
      <_>
        2.4967376708984375e+002 2.1072569274902344e+002</_>
      <_>
        2.6842031860351562e+002 2.0873826599121094e+002</_>
      <_>
        2.8416336059570312e+002 2.0633906555175781e+002</_></coordinates></_>
  <_><Photo_num>2</Photo_num>
    <coordinates>
      <_>
        1.4564295959472656e+002 9.8850387573242188e+001</_>
      <_>
        1.7534852600097656e+002 1.0009114074707031e+002</_>
      <_>
        2.0535433959960937e+002 1.0173171234130859e+002</_>
      <_>
        2.3370123291015625e+002 1.0368308258056641e+002</_>
      <_>
        2.5925805664062500e+002 1.0608900451660156e+002</_>
      <_>
        2.8073352050781250e+002 1.0847389221191406e+002</_>
      <_>
        1.4331994628906250e+002 1.3048484802246094e+002</_>
      <_>
        1.7320065307617187e+002 1.3259423828125000e+002</_>
      <_>
        2.0366026306152344e+002 1.3447651672363281e+002</_>
      <_>
        2.3259869384765625e+002 1.3620896911621094e+002</_>
      <_>
        2.5828442382812500e+002 1.3739653015136719e+002</_>
      <_>
        2.7969989013671875e+002 1.3820854187011719e+002</_>
      <_>
        1.4151907348632812e+002 1.6124269104003906e+002</_>
      <_>
        1.7064044189453125e+002 1.6439349365234375e+002</_>
      <_>
        2.0042703247070312e+002 1.6658129882812500e+002</_>
      <_>
        2.2888128662109375e+002 1.6756285095214844e+002</_>
      <_>
        2.5435801696777344e+002 1.6759031677246094e+002</_>
      <_>
        2.7571249389648438e+002 1.6716099548339844e+002</_>
      <_>
        1.4016488647460937e+002 1.8886680603027344e+002</_>
      <_>
        1.6775915527343750e+002 1.9253703308105469e+002</_>
      <_>
        1.9604640197753906e+002 1.9491600036621094e+002</_>
      <_>
        2.2316900634765625e+002 1.9576168823242187e+002</_>
      <_>
        2.4765888977050781e+002 1.9525984191894531e+002</_>
      <_>
        2.6893850708007813e+002 1.9346565246582031e+002</_></coordinates></_>
  <_><Photo_num>3</Photo_num>
    <coordinates>
      <_>
        4.6579235076904297e+001 1.0028548431396484e+002</_>
      <_>
        6.8601409912109375e+001 9.8925590515136719e+001</_>
      <_>
        9.5169715881347656e+001 9.7906379699707031e+001</_>
      <_>
        1.2532409667968750e+002 9.7390388488769531e+001</_>
      <_>
        1.5792970275878906e+002 9.7403045654296875e+001</_>
      <_>
        1.8994381713867187e+002 9.7905975341796875e+001</_>
      <_>
        4.5657810211181641e+001 1.2949856567382812e+002</_>
      <_>
        6.7731773376464844e+001 1.3033740234375000e+002</_>
      <_>
        9.4211463928222656e+001 1.3124111938476562e+002</_>
      <_>
        1.2448961639404297e+002 1.3167683410644531e+002</_>
      <_>
        1.5726741027832031e+002 1.3231718444824219e+002</_>
      <_>
        1.8940849304199219e+002 1.3237928771972656e+002</_>
      <_>
        4.7320220947265625e+001 1.5782946777343750e+002</_>
      <_>
        6.8933349609375000e+001 1.6065840148925781e+002</_>
      <_>
        9.5014228820800781e+001 1.6319638061523437e+002</_>
      <_>
        1.2446252441406250e+002 1.6497766113281250e+002</_>
      <_>
        1.5627366638183594e+002 1.6556594848632812e+002</_>
      <_>
        1.8755711364746094e+002 1.6546022033691406e+002</_>
      <_>
        5.1331871032714844e+001 1.8371054077148437e+002</_>
      <_>
        7.2597053527832031e+001 1.8776911926269531e+002</_>
      <_>
        9.7509651184082031e+001 1.9139587402343750e+002</_>
      <_>
        1.2539024353027344e+002 1.9396667480468750e+002</_>
      <_>
        1.5524072265625000e+002 1.9483168029785156e+002</_>
      <_>
        1.8459481811523437e+002 1.9449824523925781e+002</_></coordinates></_>
  <_><Photo_num>4</Photo_num>
    <coordinates>
      <_>
        4.9778911590576172e+001 9.4640144348144531e+001</_>
      <_>
        8.0704391479492188e+001 9.4461967468261719e+001</_>
      <_>
        1.1333185577392578e+002 9.4640266418457031e+001</_>
      <_>
        1.4466566467285156e+002 9.5530784606933594e+001</_>
      <_>
        1.7295523071289062e+002 9.7297119140625000e+001</_>
      <_>
        1.9679893493652344e+002 9.9011833190917969e+001</_>
      <_>
        4.9313888549804688e+001 1.3041056823730469e+002</_>
      <_>
        8.0454933166503906e+001 1.3036428833007812e+002</_>
      <_>
        1.1319702148437500e+002 1.3011827087402344e+002</_>
      <_>
        1.4480758666992187e+002 1.2945277404785156e+002</_>
      <_>
        1.7319046020507812e+002 1.2866400146484375e+002</_>
      <_>
        1.9710400390625000e+002 1.2804769897460937e+002</_>
      <_>
